function h = lcsNew(m)
%LCS is a white-blue-red-yellow colormap.
%Good for highlighting low values.

%            R                              G                      B
 h = [               1     1     1
     1     1     1
     1     1     1
     1     1     1
     1     1     1
     1     1     1
     1     1     1
     1     1     1
     1     1     1
     1     1     1
     1     1     1
     1     1     1
     1     1     1
     1     1     1
     1     1     1
     1     1     1
     1     1     1
     1     1     1
     1     1     1
     1     1     1
     1     1     1
     1     1     1
     1     1     1
     1     1     1
     1     1     1
     1     1     1
     1     1     1
     1     1     1
     1     1     1
     1     1     1
     1     1     1
     1     1     1
     1     1     1
     1     1     1
     1     1     1
     1     1     1
     1     1     1
     1     1     1
         0.559523820877075         0.559523820877075                         1
         0.547619044780731         0.547619044780731                         1
         0.535714268684387         0.535714268684387                         1
                0.5238    0.5238    1.0000
                0.5119    0.5119    1.0000
                0.5000    0.5000    1.0000
                0.4881    0.4881    1.0000
                0.4762    0.4762    1.0000
                0.4643    0.4643    1.0000
                0.4524    0.4524    1.0000
                0.4405    0.4405    1.0000
                0.4286    0.4286    1.0000
                0.4167    0.4167    1.0000
                0.4048    0.4048    1.0000
                0.3929    0.3929    1.0000
                0.3810    0.3810    1.0000
                0.3690    0.3690    1.0000
                0.3571    0.3571    1.0000
                0.3452    0.3452    1.0000
                0.3333    0.3333    1.0000
                0.3214    0.3214    1.0000
                0.3095    0.3095    1.0000
                0.2976    0.2976    1.0000
                0.2857    0.2857    1.0000
                0.2738    0.2738    1.0000
                0.2619    0.2619    1.0000
                0.2500    0.2500    1.0000
                0.2381    0.2381    1.0000
                0.2262    0.2262    1.0000
                0.2143    0.2143    1.0000
                0.2024    0.2024    1.0000
                0.1905    0.1905    1.0000
                0.1786    0.1786    1.0000
                0.1667    0.1667    1.0000
                0.1548    0.1548    1.0000
                0.1429    0.1429    1.0000
                0.1310    0.1310    1.0000
                0.1190    0.1190    1.0000
                0.1071    0.1071    1.0000
                0.0952    0.0952    1.0000
                0.0833    0.0833    1.0000
                0.0714    0.0714    1.0000
                0.0595    0.0595    1.0000
                0.0476    0.0476    1.0000
                0.0357    0.0357    1.0000
                0.0238    0.0238    1.0000
                0.0119    0.0119    1.0000
                     0         0    1.0000
                0.0118         0    0.9882
                0.0235         0    0.9765
                0.0353         0    0.9647
                0.0471         0    0.9529
                0.0588         0    0.9412
                0.0706         0    0.9294
                0.0824         0    0.9176
                0.0941         0    0.9059
                0.1059         0    0.8941
                0.1176         0    0.8824
                0.1294         0    0.8706
                0.1412         0    0.8588
                0.1529         0    0.8471
                0.1647         0    0.8353
                0.1765         0    0.8235
                0.1882         0    0.8118
                0.2000         0    0.8000
                0.2118         0    0.7882
                0.2235         0    0.7765
                0.2353         0    0.7647
                0.2471         0    0.7529
                0.2588         0    0.7412
                0.2706         0    0.7294
                0.2824         0    0.7176
                0.2941         0    0.7059
                0.3059         0    0.6941
                0.3176         0    0.6824
                0.3294         0    0.6706
                0.3412         0    0.6588
                0.3529         0    0.6471
                0.3647         0    0.6353
                0.3765         0    0.6235
                0.3882         0    0.6118
                0.4000         0    0.6000
                0.4118         0    0.5882
                0.4235         0    0.5765
                0.4353         0    0.5647
                0.4471         0    0.5529
                0.4588         0    0.5412
                0.4706         0    0.5294
                0.4824         0    0.5176
                0.4941         0    0.5059
                0.5059         0    0.4941
                0.5176         0    0.4824
                0.5294         0    0.4706
                0.5412         0    0.4588
                0.5529         0    0.4471
                0.5647         0    0.4353
                0.5765         0    0.4235
                0.5882         0    0.4118
                0.6000         0    0.4000
                0.6118         0    0.3882
                0.6235         0    0.3765
                0.6353         0    0.3647
                0.6471         0    0.3529
                0.6588         0    0.3412
                0.6706         0    0.3294
                0.6824         0    0.3176
                0.6941         0    0.3059
                0.7059         0    0.2941
                0.7176         0    0.2824
                0.7294         0    0.2706
                0.7412         0    0.2588
                0.7529         0    0.2471
                0.7647         0    0.2353
                0.7765         0    0.2235
                0.7882         0    0.2118
                0.8000         0    0.2000
                0.8118         0    0.1882
                0.8235         0    0.1765
                0.8353         0    0.1647
                0.8471         0    0.1529
                0.8588         0    0.1412
                0.8706         0    0.1294
                0.8824         0    0.1176
                0.8941         0    0.1059
                0.9059         0    0.0941
                0.9176         0    0.0824
                0.9294         0    0.0706
                0.9412         0    0.0588
                0.9529         0    0.0471
                0.9647         0    0.0353
                0.9765         0    0.0235
                0.9882         0    0.0118
                1.0000         0         0
                1.0000    0.0116         0
                1.0000    0.0233         0
                1.0000    0.0349         0
                1.0000    0.0465         0
                1.0000    0.0581         0
                1.0000    0.0698         0
                1.0000    0.0814         0
                1.0000    0.0930         0
                1.0000    0.1047         0
                1.0000    0.1163         0
                1.0000    0.1279         0
                1.0000    0.1395         0
                1.0000    0.1512         0
                1.0000    0.1628         0
                1.0000    0.1744         0
                1.0000    0.1860         0
                1.0000    0.1977         0
                1.0000    0.2093         0
                1.0000    0.2209         0
                1.0000    0.2326         0
                1.0000    0.2442         0
                1.0000    0.2558         0
                1.0000    0.2674         0
                1.0000    0.2791         0
                1.0000    0.2907         0
                1.0000    0.3023         0
                1.0000    0.3140         0
                1.0000    0.3256         0
                1.0000    0.3372         0
