function h = MSHot(m)
%MSHot is a red-yellow colormap.
%Good for highlighting low values.

%                  R         G         B
       h = [    1.0000    1.0000    1.0000
                0.1882    0.1882    0.1882
                0.1946    0.1868    0.1868
                0.2010    0.1853    0.1853
                0.2074    0.1838    0.1838
                0.2138    0.1823    0.1823
                0.2202    0.1808    0.1808
                0.2266    0.1793    0.1793
                0.2330    0.1779    0.1779
                0.2394    0.1764    0.1764
                0.2458    0.1749    0.1749
                0.2522    0.1734    0.1734
                0.2585    0.1719    0.1719
                0.2649    0.1704    0.1704
                0.2713    0.1690    0.1690
                0.2777    0.1675    0.1675
                0.2841    0.1660    0.1660
                0.2905    0.1645    0.1645
                0.2969    0.1630    0.1630
                0.3033    0.1616    0.1616
                0.3097    0.1601    0.1601
                0.3161    0.1586    0.1586
                0.3225    0.1571    0.1571
                0.3289    0.1556    0.1556
                0.3352    0.1541    0.1541
                0.3416    0.1527    0.1527
                0.3480    0.1512    0.1512
                0.3544    0.1497    0.1497
                0.3608    0.1482    0.1482
                0.3672    0.1467    0.1467
                0.3736    0.1453    0.1453
                0.3800    0.1438    0.1438
                0.3864    0.1423    0.1423
                0.3928    0.1408    0.1408
                0.3992    0.1393    0.1393
                0.4056    0.1378    0.1378
                0.4119    0.1364    0.1364
                0.4183    0.1349    0.1349
                0.4247    0.1334    0.1334
                0.4311    0.1319    0.1319
                0.4375    0.1304    0.1304
                0.4439    0.1289    0.1289
                0.4503    0.1275    0.1275
                0.4567    0.1260    0.1260
                0.4631    0.1245    0.1245
                0.4695    0.1230    0.1230
                0.4759    0.1215    0.1215
                0.4823    0.1201    0.1201
                0.4887    0.1186    0.1186
                0.4950    0.1171    0.1171
                0.5014    0.1156    0.1156
                0.5078    0.1141    0.1141
                0.5142    0.1126    0.1126
                0.5206    0.1112    0.1112
                0.5270    0.1097    0.1097
                0.5334    0.1082    0.1082
                0.5398    0.1067    0.1067
                0.5462    0.1052    0.1052
                0.5526    0.1038    0.1038
                0.5590    0.1023    0.1023
                0.5654    0.1008    0.1008
                0.5717    0.0993    0.0993
                0.5781    0.0978    0.0978
                0.5845    0.0963    0.0963
                0.5909    0.0949    0.0949
                0.5973    0.0934    0.0934
                0.6037    0.0919    0.0919
                0.6101    0.0904    0.0904
                0.6165    0.0889    0.0889
                0.6229    0.0874    0.0874
                0.6293    0.0860    0.0860
                0.6357    0.0845    0.0845
                0.6421    0.0830    0.0830
                0.6484    0.0815    0.0815
                0.6548    0.0800    0.0800
                0.6612    0.0786    0.0786
                0.6676    0.0771    0.0771
                0.6740    0.0756    0.0756
                0.6804    0.0741    0.0741
                0.6868    0.0726    0.0726
                0.6932    0.0711    0.0711
                0.6996    0.0697    0.0697
                0.7060    0.0682    0.0682
                0.7124    0.0667    0.0667
                0.7188    0.0652    0.0652
                0.7252    0.0637    0.0637
                0.7315    0.0623    0.0623
                0.7379    0.0608    0.0608
                0.7443    0.0593    0.0593
                0.7507    0.0578    0.0578
                0.7571    0.0563    0.0563
                0.7635    0.0548    0.0548
                0.7699    0.0534    0.0534
                0.7763    0.0519    0.0519
                0.7827    0.0504    0.0504
                0.7891    0.0489    0.0489
                0.7955    0.0474    0.0474
                0.8019    0.0459    0.0459
                0.8082    0.0445    0.0445
                0.8146    0.0430    0.0430
                0.8210    0.0415    0.0415
                0.8274    0.0400    0.0400
                0.8338    0.0385    0.0385
                0.8402    0.0371    0.0371
                0.8466    0.0356    0.0356
                0.8530    0.0341    0.0341
                0.8594    0.0326    0.0326
                0.8658    0.0311    0.0311
                0.8722    0.0296    0.0296
                0.8786    0.0282    0.0282
                0.8849    0.0267    0.0267
                0.8913    0.0252    0.0252
                0.8977    0.0237    0.0237
                0.9041    0.0222    0.0222
                0.9105    0.0208    0.0208
                0.9169    0.0193    0.0193
                0.9233    0.0178    0.0178
                0.9297    0.0163    0.0163
                0.9361    0.0148    0.0148
                0.9425    0.0133    0.0133
                0.9489    0.0119    0.0119
                0.9553    0.0104    0.0104
                0.9616    0.0089    0.0089
                0.9680    0.0074    0.0074
                0.9744    0.0059    0.0059
                0.9808    0.0044    0.0044
                0.9872    0.0030    0.0030
                0.9936    0.0015    0.0015
                1.0000         0         0
                1.0000    0.0333         0
                1.0000    0.0410         0
                1.0000    0.0486         0
                1.0000    0.0563         0
                1.0000    0.0640         0
                1.0000    0.0717         0
                1.0000    0.0793         0
                1.0000    0.0870         0
                1.0000    0.0947         0
                1.0000    0.1024         0
                1.0000    0.1100         0
                1.0000    0.1177         0
                1.0000    0.1254         0
                1.0000    0.1330         0
                1.0000    0.1407         0
                1.0000    0.1484         0
                1.0000    0.1561         0
                1.0000    0.1637         0
                1.0000    0.1714         0
                1.0000    0.1791         0
                1.0000    0.1867         0
                1.0000    0.1944         0
                1.0000    0.2021         0
                1.0000    0.2098         0
                1.0000    0.2174         0
                1.0000    0.2251         0
                1.0000    0.2328         0
                1.0000    0.2404         0
                1.0000    0.2481         0
                1.0000    0.2558         0
                1.0000    0.2635         0
                1.0000    0.2711         0
                1.0000    0.2788         0
                1.0000    0.2865         0
                1.0000    0.2942         0
                1.0000    0.3018         0
                1.0000    0.3095         0
                1.0000    0.3172         0
                1.0000    0.3248         0
                1.0000    0.3325         0
                1.0000    0.3402         0
                1.0000    0.3479         0
                1.0000    0.3555         0
                1.0000    0.3632         0
                1.0000    0.3709         0
                1.0000    0.3785         0
                1.0000    0.3862         0
                1.0000    0.3939         0
                1.0000    0.4016         0
                1.0000    0.4092         0
                1.0000    0.4169         0
                1.0000    0.4246         0
                1.0000    0.4323         0
